Applications 1 2 7 3 33 33 3 0 0 1 0 0 1 0 45 39 39 37 84 76
Offers 0 0 3 0 3 5 1 0 0 0 0 0 0 0 7 5 6 7 13 12
%Offers 0.0 0.0 42.9 0.0 9.1 15.2 33.3 0.0 0.0 0.0 0.0 0.0 0.0 0.0 15.6 12.8 15.4 18.9 15.5 15.8
Enrollees 0 0 0 0 3 4 1 0 0 0 0 0 0 0 4 4 3 5 7 9
%Enrollees 0.0 0.0 0.0 0.0 100.0 80.0 100.0 0.0 0.0 0.0 0.0 0.0 0.0 0.0 57.1 80.0 50.0 71.4 53.8 75.0

Atmospheric Sciences 
Applications 1 2 7 3 33 33 3 0 0 1 0 0 1 0 45 39 39 37 84 76
Offers 0 0 3 0 3 5 1 0 0 0 0 0 0 0 7 5 6 7 13 12
%Offers 0.0 0.0 42.9 0.0 9.1 15.2 33.3 0.0 0.0 0.0 0.0 0.0 0.0 0.0 15.6 12.8 15.4 18.9 15.5 15.8
Enrollees 0 0 0 0 3 4 1 0 0 0 0 0 0 0 4 4 3 5 7 9
%Enrollees 0.0 0.0 0.0 0.0 100.0 80.0 100.0 0.0 0.0 0.0 0.0 0.0 0.0 0.0 57.1 80.0 50.0 71.4 53.8 75.0